entry=2025-02-12T06:51:14.6300000
locations=2025-06-02T09:05:16.4140000
schedule=2025-02-12T06:53:22.0030000
