<<<<<<< HEAD
entry=2025-06-26T10:17:51.9150000
entryMT=2025-02-12T06:51:14.6300000
locations=2025-06-26T10:17:50.6290000
=======
entry=2025-06-25T10:12:31.2920000
entryMT=2025-06-26T06:12:09.3370000
locations=2025-06-26T06:00:56.3860000
>>>>>>> parent of 2752fcc (Revert "set entry")
schedule=2025-02-12T06:53:22.0030000
