<<<<<<< HEAD
entry=2025-06-26T07:58:26.4030000
entryMT=2025-06-26T07:58:12.9560000
locations=2025-06-26T07:33:20.4120000
=======
entry=2025-06-25T09:05:05.9020000
entryMT=2025-02-12T06:51:14.6300000
locations=2025-06-25T09:04:53.0030000
>>>>>>> parent of d75f170 (emitter)
schedule=2025-02-12T06:53:22.0030000
