entry=2025-02-12T06:51:14.6300000
locations=2025-05-14T08:23:17.0790000
schedule=2025-02-12T06:53:22.0030000
