entry=2025-06-26T10:05:11.3550000
entryMT=2025-02-12T06:51:14.6300000
locations=2025-06-26T10:08:04.6100000
schedule=2025-02-12T06:53:22.0030000
