entry=2025-06-25T07:22:35.3230000
entryMT=2025-02-12T06:51:14.6300000
locations=2025-06-25T07:33:23.5390000
schedule=2025-02-12T06:53:22.0030000
