entry=2025-02-12T06:51:14.6300000
locations=2025-05-29T06:10:38.1470000
schedule=2025-02-12T06:53:22.0030000
