entry=2025-06-23T08:59:48.6530000
entryMT=2025-02-12T06:51:14.6300000
locations=2025-06-23T08:59:27.2560000
schedule=2025-02-12T06:53:22.0030000
