entry=2025-08-26T07:42:37.6950000
entryMT=2025-08-26T07:42:36.8387459
locations=2025-08-20T09:37:42.8550000
schedule=2025-02-12T06:53:22.0030000
agreMT=2025-08-20T09:52:32.5596265
entryMT:4274=2025-08-25T10:13:02.0000000
entryMT:0=2025-08-25T10:17:44.0000000
