entry=2025-06-24T08:31:46.9020000
entryMT=2025-02-12T06:51:14.6300000
locations=2025-06-24T08:31:11.3930000
schedule=2025-02-12T06:53:22.0030000
