entry=2025-08-04T09:23:52.3900000
entryMT=2025-07-02T10:29:06.0913397
locations=2025-08-04T09:22:33.1630000
schedule=2025-02-12T06:53:22.0030000
agreMT=2025-08-04T09:52:32.5596265
