entry=2025-02-12T06:51:14.6300000
locations=2025-03-20T02:53:44.7130000
schedule=2025-02-12T06:53:22.0030000
