entry=2025-06-25T10:12:31.2920000
entryMT=2025-02-12T06:51:14.6300000
locations=2025-06-25T10:12:20.7070000
schedule=2025-02-12T06:53:22.0030000
