entry=2025-08-05T08:07:42.9810000
entryMT=2025-07-02T10:29:06.0913397
locations=2025-08-05T08:06:43.5110000
schedule=2025-02-12T06:53:22.0030000
agreMT=2025-08-05T08:36:42.3390085
