entry=2025-02-04T09:45:48.1180000
locations=2025-02-04T09:38:02.5550000
