entry=2025-02-12T06:51:14.6300000
locations=2025-05-28T08:11:34.9660000
schedule=2025-02-12T06:53:22.0030000
