entry=2025-06-23T05:26:10.2780000
entryMT=2025-02-12T06:51:14.6300000
locations=2025-06-23T05:26:07.0180000
schedule=2025-02-12T06:53:22.0030000
