entry=2025-08-22T04:50:50.9730000
entryMT=2025-08-22T04:50:49.8976860
locations=2025-08-20T09:37:42.8550000
schedule=2025-02-12T06:53:22.0030000
agreMT=2025-08-20T09:52:32.5596265
