entry=2025-02-12T06:51:14.6300000
locations=2025-02-04T09:38:02.5550000
schedule=2025-02-12T06:53:22.0030000
