entry=2025-08-29T06:08:16.5730000
entryMT=2025-08-29T06:07:43.2753103
locations=2025-08-29T06:08:07.2750000
schedule=2025-02-12T06:53:22.0030000
agreMT=2025-08-29T06:22:28.8939850
entryMT:4274=2025-08-25T10:13:02.0000000
entryMT:0=2025-08-26T14:49:26.0000000
