entry=2025-06-24T09:16:16.4630000
entryMT=2025-02-12T06:51:14.6300000
locations=2025-06-24T09:16:12.9180000
schedule=2025-02-12T06:53:22.0030000
