entry=2025-06-10T07:00:48.6300000
entryMT=2025-02-12T06:51:14.6300000
locations=2025-06-03T09:23:30.2670000
schedule=2025-02-12T06:53:22.0030000
