entry=2025-01-31T03:03:31.4200000
locations=2025-01-31T10:03:57.9990000
