entry=2025-06-25T10:12:31.2920000
entryMT=2025-06-26T06:12:09.3370000
locations=2025-06-26T06:00:56.3860000
schedule=2025-02-12T06:53:22.0030000
