entry=2025-02-12T06:51:14.6300000
locations=2025-03-27T03:44:01.7920000
schedule=2025-02-12T06:53:22.0030000
