entry=2025-06-20T04:26:48.8350000
entryMT=2025-02-12T06:51:14.6300000
locations=2025-06-20T04:25:28.0320000
schedule=2025-02-12T06:53:22.0030000
