entry=2025-07-02T08:47:19.2670000
entryMT=2025-07-02T10:29:06.0913397
locations=2025-07-18T07:28:05.9070000
schedule=2025-02-12T06:53:22.0030000
