entry=2025-02-12T06:51:14.6300000
locations=2025-04-23T02:37:22.2820000
schedule=2025-02-12T06:53:22.0030000
