entry=2025-01-31T03:03:31.4200000
locations=2025-01-31T03:58:53.3900000
