entry=2025-02-12T06:51:14.6300000
locations=2025-06-03T09:12:36.3290000
schedule=2025-02-12T06:53:22.0030000
