entry=2025-06-20T09:10:34.3810000
entryMT=2025-02-12T06:51:14.6300000
locations=2025-06-20T09:10:30.5650000
schedule=2025-02-12T06:53:22.0030000
