entry=2025-02-12T06:51:14.6300000
locations=2025-05-13T08:46:05.6640000
schedule=2025-02-12T06:53:22.0030000
