entry=2025-07-02T08:47:19.2670000
entryMT=2025-07-02T10:29:06.0913397
locations=2025-07-23T10:16:40.2350000
schedule=2025-02-12T06:53:22.0030000
agreMT=2025-07-23T10:46:38.9839112
