entry=2025-06-17T04:27:13.5710000
entryMT=2025-02-12T06:51:14.6300000
locations=2025-06-17T09:41:19.4270000
schedule=2025-02-12T06:53:22.0030000
