entry=2025-06-27T03:24:28.8530000
entryMT=2025-06-27T04:55:21.0830000
locations=2025-06-27T03:24:27.5790000
schedule=2025-02-12T06:53:22.0030000
