entry=2025-02-12T06:51:14.6300000
locations=2025-05-30T02:03:16.3190000
schedule=2025-02-12T06:53:22.0030000
