entry=2025-08-28T08:22:43.1070000
entryMT=2025-08-28T08:22:28.7899060
locations=2025-08-28T08:22:32.9550000
schedule=2025-02-12T06:53:22.0030000
agreMT=2025-08-28T08:52:28.8939850
entryMT:4274=2025-08-25T10:13:02.0000000
entryMT:0=2025-08-26T14:49:26.0000000
