entry=2025-06-23T05:20:08.9230000
entryMT=2025-02-12T06:51:14.6300000
locations=2025-06-23T05:20:04.2570000
schedule=2025-02-12T06:53:22.0030000
