entry=2025-06-20T03:05:31.8100000
entryMT=2025-02-12T06:51:14.6300000
locations=2025-06-20T03:08:47.0280000
schedule=2025-02-12T06:53:22.0030000
