entry=2025-06-11T08:14:51.5760000
entryMT=2025-02-12T06:51:14.6300000
locations=2025-06-11T09:11:31.6880000
schedule=2025-02-12T06:53:22.0030000
