entry=2025-06-20T01:43:53.1100000
entryMT=2025-02-12T06:51:14.6300000
locations=2025-06-20T01:46:29.8430000
schedule=2025-02-12T06:53:22.0030000
