entry=2025-06-19T02:28:00.3370000
entryMT=2025-02-12T06:51:14.6300000
locations=2025-06-19T02:27:40.3030000
schedule=2025-02-12T06:53:22.0030000
