entry=2025-06-30T02:41:13.7630000
entryMT=2025-06-30T02:56:44.5134748
locations=2025-06-30T02:57:05.0640000
schedule=2025-02-12T06:53:22.0030000
