entry=2025-06-26T07:58:26.4030000
entryMT=2025-06-26T07:58:12.9560000
locations=2025-06-26T07:33:20.4120000
schedule=2025-02-12T06:53:22.0030000
