entry=2025-02-12T06:51:14.6300000
locations=2025-03-14T09:30:27.0100000
schedule=2025-02-12T06:53:22.0030000
