entry=2025-02-12T06:51:14.6300000
locations=2025-03-03T09:02:01.1350000
schedule=2025-02-12T06:53:22.0030000
