entry=2025-09-12T04:10:00.0770000
entryMT=2025-09-12T04:09:51.4881846
locations=2025-09-12T04:09:55.1500000
schedule=2025-02-12T06:53:22.0030000
agreMT=2025-09-12T04:20:36.1715298
entryMT:4274=2025-08-25T10:13:02.0000000
entryMT:0=2025-08-26T14:49:26.0000000
