entry=2025-09-04T06:18:11.8210000
entryMT=2025-09-04T06:23:07.7391997
locations=2025-09-04T06:18:02.9190000
schedule=2025-02-12T06:53:22.0030000
agreMT=2025-09-04T06:53:07.8446015
entryMT:4274=2025-08-25T10:13:02.0000000
entryMT:0=2025-08-26T14:49:26.0000000
