entry=2025-02-12T06:51:14.6300000
locations=2025-02-19T02:15:38.8900000
schedule=2025-02-12T06:53:22.0030000
