entry=2025-09-12T06:09:49.5210000
entryMT=2025-09-12T06:09:39.7694632
locations=2025-09-12T06:09:43.0970000
schedule=2025-02-12T06:53:22.0030000
agreMT=2025-09-12T06:39:39.8911805
entryMT:4274=2025-08-25T10:13:02.0000000
entryMT:0=2025-08-26T14:49:26.0000000
