entry=2025-09-11T09:20:43.8050000
entryMT=2025-09-11T09:20:36.0524338
locations=2025-09-11T09:20:37.1220000
schedule=2025-02-12T06:53:22.0030000
agreMT=2025-09-11T09:50:36.1715298
entryMT:4274=2025-08-25T10:13:02.0000000
entryMT:0=2025-08-26T14:49:26.0000000
