entry=2025-02-12T06:51:14.6300000
locations=2025-02-21T04:58:53.6320000
schedule=2025-02-12T06:53:22.0030000
