entry=2025-06-18T07:58:13.2810000
entryMT=2025-02-12T06:51:14.6300000
locations=2025-06-18T07:57:57.3160000
schedule=2025-02-12T06:53:22.0030000
