entry=2025-07-02T03:03:59.6780000
entryMT=2025-07-02T03:03:50.0939148
locations=2025-07-02T03:03:52.9310000
schedule=2025-02-12T06:53:22.0030000
