entry=2025-07-02T08:47:19.2670000
entryMT=2025-07-02T10:29:06.0913397
locations=2025-08-01T09:13:34.1070000
schedule=2025-02-12T06:53:22.0030000
agreMT=2025-08-01T09:43:33.2033561
