entry=2025-08-13T08:20:37.7680000
entryMT=2025-07-02T10:29:06.0913397
locations=2025-08-13T08:20:31.5850000
schedule=2025-02-12T06:53:22.0030000
agreMT=2025-08-13T08:41:34.2665251
