entry=2025-06-30T03:55:56.5100000
entryMT=2025-06-30T03:55:54.1813909
locations=2025-06-30T03:55:55.9260000
schedule=2025-02-12T06:53:22.0030000
