entry=2025-02-12T06:51:14.6300000
locations=2025-02-24T07:00:31.6870000
schedule=2025-02-12T06:53:22.0030000
