entry=2025-08-27T07:19:34.5730000
entryMT=2025-08-27T07:19:28.0931464
locations=2025-08-27T07:19:29.3820000
schedule=2025-02-12T06:53:22.0030000
agreMT=2025-08-27T07:49:28.2302176
entryMT:4274=2025-08-25T10:13:02.0000000
entryMT:0=2025-08-26T14:49:26.0000000
